-0.29999999999999993
0.9999998589496198
0.0
-1.269453420936344e-7
0.0
-1.0000000119893038
-0.29999999999999993
0.994999705144759
0.0
-0.10000024098457656
0.0
-1.0000000105787976
-0.29999999999999993
0.9799995399430274
0.0
-0.20000034077772164
0.0
-1.0000000091682912
-0.29999999999999993
0.9549993647690336
0.0
-0.3000004263247772
0.0
-1.0000000077577849
-0.3000000000000001
0.9199991810473868
0.0
-0.40000049762574574
0.0
-1.0000000063472785
-0.3000000000000001
0.8749989902026961
0.0
-0.5000005546806221
0.0
-1.0000000049367723
-0.3000000000000001
0.81999879365957
0.0
-0.6000005974894137
0.0
-1.0000000035262657
-0.3000000000000001
0.7549985928426173
0.0
-0.7000006260521163
0.0
-1.0000000021157596
-0.3000000000000001
0.679998389176447
0.0
-0.8000006403687304
0.0
-0.9801745962075102
-0.3000000000000001
0.5950973111081562
0.0
-0.8980180999894815
0.0
0.0